# relative_time, cycles_done, cur_item, corpus_count, pending_total, pending_favs, map_size, saved_crashes, saved_hangs, max_depth, execs_per_sec, total_execs, edges_found
61, 8, 1, 2, 0, 0, 0.00%, 0, 0, 2, 179.26, 10411, 4
66, 8, 1, 2, 0, 0, 0.00%, 0, 0, 2, 177.35, 11329, 4
71, 9, 1, 2, 0, 0, 0.00%, 0, 0, 2, 169.22, 12187, 4
76, 10, 1, 2, 0, 0, 0.00%, 0, 0, 2, 166.67, 13018, 4
81, 11, 1, 2, 0, 0, 0.00%, 0, 0, 2, 177.75, 13912, 4
86, 11, 1, 2, 0, 0, 0.00%, 0, 0, 2, 181.38, 14818, 4
91, 12, 1, 2, 0, 0, 0.00%, 0, 0, 2, 175.96, 15742, 4
96, 13, 1, 2, 0, 0, 0.00%, 0, 0, 2, 161.46, 16546, 4
102, 14, 1, 2, 0, 0, 0.00%, 0, 0, 2, 175.38, 17470, 4
107, 14, 0, 2, 0, 0, 0.00%, 0, 0, 2, 179.56, 18370, 4
112, 15, 1, 2, 0, 0, 0.00%, 0, 0, 2, 183.83, 19316, 4
117, 15, 1, 2, 0, 0, 0.00%, 0, 0, 2, 181.65, 20252, 4
122, 16, 1, 2, 0, 0, 0.00%, 0, 0, 2, 176.39, 21141, 4
127, 17, 1, 2, 0, 0, 0.00%, 0, 0, 2, 172.57, 21999, 4
132, 18, 1, 2, 0, 0, 0.00%, 0, 0, 2, 169.52, 22893, 4
137, 19, 1, 2, 0, 0, 0.00%, 0, 0, 2, 171.56, 23787, 4
143, 19, 1, 2, 0, 0, 0.00%, 0, 0, 2, 181.09, 24735, 4
148, 20, 1, 2, 0, 0, 0.00%, 0, 0, 2, 178.44, 25647, 4
153, 21, 1, 2, 0, 0, 0.00%, 0, 0, 2, 179.02, 26580, 4
158, 22, 1, 2, 0, 0, 0.00%, 0, 0, 2, 186.56, 27537, 4
163, 23, 1, 2, 0, 0, 0.00%, 0, 0, 2, 215.58, 28668, 4
168, 24, 1, 2, 0, 0, 0.00%, 0, 0, 2, 200.40, 29720, 4
173, 24, 1, 2, 0, 0, 0.00%, 0, 0, 2, 203.79, 30753, 4
178, 25, 1, 2, 0, 0, 0.00%, 0, 0, 2, 197.92, 31722, 4
183, 26, 1, 2, 0, 0, 0.00%, 0, 0, 2, 195.30, 32703, 4
